0.6319461172718956
0.6334652835729302
0.6342682407495033
0.6343940612713681
0.6380794196340236
0.6391137646933995
0.6423103587211187
0.6432163740174528
0.6437732463271879
0.6455852769198562
0.6451440089357663
0.6474007129112647
0.6500698285973199
0.650236872367089
0.6506342286305853
0.6525720797451184
0.652359869634167
0.6529938114943319
0.656031068707325
0.6566603505481616
0.6595988511976966
0.6598352575628529
0.6616868983198121
0.6624296337081422
0.6667774317414707
0.6722438136451101
0.6731136241758935
0.6733093449876832
0.6738581518793499
0.6689104659732558
0.6736070485301582
0.673207362256998
0.672528074824138
0.6749335409551176
0.675425172994256
0.676131882848548
0.6790485172535423
0.6782573893568026
0.6801642334196513
0.6769708655591593
0.6811476767294407
0.6838288009268421
0.6850472167496866
0.6832715701540817
0.684739297010992
0.6866065309095497
0.6833785713671205
0.6879211940546757
0.6912726441093056
0.6910711878891116
0.6932674908448544
0.6952804399631787
0.6930948908981935
0.6947025975664662
0.6954756230804306
0.695663278474152
0.6942107862958151
0.6926604337115836
0.6926880353645284
