0.6722558221564562
0.6775395671487278
0.6760727364493807
0.6742130302743533
0.6758619601905302
0.6866975805179647
0.6864222809145683
0.6907912282663867
0.6881429034357964
0.6944590219408049
0.6965940277192288
0.7020154225131986
0.7063485235624916
0.7056100897304645
0.7048143018143964
0.7111605312135264
0.6996266249128935
0.7057835858346884
0.7095159028536524
0.7113913814017911
0.7034607454310303
0.7062094399086923
0.7028699983654086
0.702158807723301
0.7121957724304654
0.7221008227443355
0.7308329820395686
0.7272168070407874
0.7343659936164905
0.7207960173324042
0.7332174780835706
0.7292414062074325
0.7214541554467739
0.7217050795644531
0.7298350209772563
0.7212132682938021
0.7378703281513919
0.734585372987947
0.7348735772602527
0.726092666993585
0.7360091881242634
0.7581908801270967
0.7561160961369157
0.7461049407675697
0.7433490770294026
0.7517156040388746
0.7447987015035373
0.7655795200036707
0.7685017105855565
0.7597795882550307
0.7601093742382661
0.7630860511999908
0.766333726208809
0.7624479870150354
0.7681790938628262
0.7682651249888877
0.7597623820298184
0.7609223683795464
0.7649170803329978
