0.5530595177668614
0.5572585536447087
0.5618490311461353
0.564007337021201
0.5696262449420868
0.5777189062002633
0.5831748926761702
0.5876827444502755
0.5895876169664851
0.5891497543811351
0.5920371740495711
0.5910501461095291
0.5913767059255371
0.5952015064050173
0.597291883536797
0.5977505369776118
0.5971506491048462
0.598428749021396
0.5996247609051621
0.6008148581490117
0.6035621187745727
0.6057225754277897
0.6098164024077244
0.6115004617003765
0.6125756715446316
0.6160733745135656
0.6158674375055562
0.6197051426539455
0.622936328363602
0.6230696766089971
0.6252491318025528
0.6267639965472842
0.6283650716495894
0.6294691377673776
0.6324683978996934
0.6337965034082665
0.6365315762909688
0.6360019471711532
0.6364175850489373
0.6353479313815739
0.6366455675330001
0.6363632779006111
0.6392334913438349
0.6376356424087568
0.6390135742778404
