0.61826842284872
0.6210558313331096
0.6237342670578215
0.6222487962811611
0.6240798254141682
0.6389574748143878
0.6497830581771151
0.6556044977072705
0.6557220735795544
0.6556647194955135
0.6555672175526439
0.6543885911256025
0.6532185678111674
0.6550510307962755
0.655700565798039
0.6535540892028069
0.6560891397174164
0.6540889160364887
0.6546366475390797
0.6560733673443052
0.657039783660395
0.6556589840871094
0.6565006552704101
0.6566067603258859
0.6544057973508148
0.6577136941478761
0.660211464507859
0.6805334503356648
0.6926036173220804
0.6959789051678897
0.7156642606628412
0.7175684162530004
0.7209609103240219
0.7193521282666735
0.7291037564057342
0.722916684589818
0.7227761670839177
0.7257600133061475
0.7266389646440748
0.7263507603717692
0.7237554880689167
0.7215473558333405
0.7258087642775823
0.7138719455365617
0.7244838849362366
