0.6300959103670374
0.6316184820668118
0.6335747940271457
0.6339198146889544
0.6363570047976691
0.6376105499969889
0.637151896556174
0.6381305006151226
0.6378573517898775
0.6395681165779112
0.6467628279578218
0.6474582462268181
0.6508699180696909
0.6508815681180118
0.6555860368614698
0.6579755513878254
0.6585146797778103
0.66116909847983
0.6651883651505115
0.6655986260829168
0.6664621635107582
0.6675619280722432
0.6658119115829441
0.6682188115660246
0.6671296216637845
0.6724787861581653
0.6727458411119809
0.6731062756838757
0.6726705638766772
0.6723362971056261
0.6717190237761356
0.6738249940495138
0.6752083028639763
0.6743207484134427
0.6751504110853973
0.6746150465571776
0.6764113047767348
0.6749758395920978
0.6736479133150374
0.6756069137480608
0.673945796089025
0.6762872765699963
0.6764491226258994
0.675914116560705
0.6748462552084677
0.6744435219995928
0.6765276260284305
