0.6761731060964523
0.6776040904932737
0.6780127383420655
0.6793419192397142
0.679268792782562
0.6796430281809291
0.6808689717273043
0.6864108100977601
0.6819974133308098
0.6854529968942763
0.7040959419117837
0.6997986871650163
0.7109841674051005
0.7058524107355375
0.7112637685648001
0.7110931401647783
0.7049892317707213
0.7110673308269598
0.7172300271571588
0.7156513559939319
0.7147035797551554
0.7164170330158784
0.7164829902125256
0.7303899217403523
0.7157001069653668
0.7319714606077812
0.7325177582582711
0.7367146433579669
0.7305333069504547
0.7360020188637583
0.7284097719888389
0.7438136451101341
0.7442509700009463
0.7402677288643031
0.7441247910160563
0.7460361158667206
0.7509341546438169
0.7508567266303615
0.7411868280610592
0.7429418630327119
0.7443226626059976
0.7452474972111577
0.7430465342360866
0.7430967190596225
0.7250961397833736
0.7366071044503901
0.7406018164038416
