0.5516041578843226
0.5602501068219815
0.562916175572322
0.5671671885888314
0.5712070668834651
0.5757686881113586
0.5775610032376379
0.5817716891638061
0.5809280464338664
0.5817446252053993
0.5851080837713751
0.5895143112778203
0.5887570581369672
0.5925725385777908
0.594828346395726
0.5957309562933203
0.5994021553664782
0.6009419332914648
0.6012005643641869
0.6011853296856136
0.6030717413560226
0.6046720995322775
0.6063746196707303
0.6057603932769543
0.6102019293913872
0.611145224842348
0.613195454115299
0.614974864572669
0.6157659924694088
0.614578404466736
0.6154681096954211
0.6165549695879968
0.6157926979647902
0.6175665522452689
0.6176796473297371
0.6217050078718479
0.6219758266874288
