0.6287914634181313
0.6383652938966652
0.6461396399884145
0.6533949316195933
0.6701308533427394
0.6784342908597664
0.6736079446877213
0.6851733957345768
0.6819902440703046
0.6849253393210997
0.6850887984606164
0.6874689929483153
0.6814081001172891
0.6875363839970635
0.7029804049771874
0.6980063720387369
0.7007464634037929
0.6983332903177702
0.6861426797548686
0.6848923607227762
0.6911984422630775
0.6993914731683256
0.703994138412611
0.700937165733229
0.7044687434580498
0.7066152200532819
0.7093911577208634
0.7080261305206891
0.7080031888870727
0.698503918717792
0.705521190900201
0.7074827005744011
0.6992753311481428
0.7081049923862454
0.7017759692123277
0.7033990897906862
0.704113148136996
