0.616662866958599
0.6229148205820866
0.6282507219445329
0.6317588203411993
0.6339251916343334
0.6357348922173376
0.635248637123578
0.6365527256094589
0.635740448394229
0.6363579009552323
0.6369490064838792
0.6378562764008018
0.6385506192807224
0.6397684974090292
0.6392981939198936
0.6420676792530204
0.6449332326769158
0.6468183897267366
0.6489311707975945
0.6491331647123262
0.6490444451135755
0.6497692573506427
0.6516721583202135
0.6549237764223096
0.6522385299001178
0.6534574834175004
0.6535859924120547
0.6544375213285499
0.6557296013030848
0.6569421024860127
0.6598555107237799
0.659158837834195
0.6603489350780446
0.661519316855505
0.6614845459420551
0.6620539644576741
0.6616680790109861
0.6644008218840243
0.6654469962232336
0.6653898213707053
0.6659508160052307
0.6656961280257864
0.6649965874319995
0.666094201215333
0.665469400162312
0.6689694331409104
0.6690151371766305
0.6684186547026048
0.6681974830160218
0.6695883195540147
0.6678732532096779
0.670330517247807
0.6756479577644524
0.6766050540418855
0.6791144744501894
0.6829919689943821
0.6815505891698282
0.6813451898563567
0.6855530080783228
0.6827596849540164
0.6848755129605891
0.6911796229542515
0.6917390045051632
0.6915237474584971
0.6904709415533207
0.6929988228074252
0.6929895027687684
0.6947310953769741
0.6968336602516124
0.6970885274625693
0.6993774931103407
0.6987596820863122
0.6995233875616198
0.6990439432653401
0.7002792068503717
0.6991131266292145
0.7002302766474245
