0.6584822388740246
0.6745514193701948
0.6794967752666248
0.690503023994081
0.6899165784847624
0.6921519539102581
0.6900656991032689
0.6895409092342943
0.6895595493116076
0.6889343897955613
0.6930681854028121
0.6978443467513213
0.7001915626406967
0.7095273736704606
0.7040615294613591
0.7038521870546097
0.7039597259621865
0.7042393271218861
0.7040945080596827
0.7081351032803669
0.7086885701913619
0.7086713639661496
0.7072762258718538
0.7149315622392182
0.7068890858045774
0.7181448247976118
0.7179526886160746
0.7275637992492351
0.7241756067345165
0.7305978302950007
0.7323127174078248
0.7274619957500623
0.7324073516464924
0.7308673944899932
0.7300701727218241
0.7317563827926277
0.7318080014682645
0.7290119898712688
0.7344405539257437
0.7275523284324269
0.732077565663257
0.7324360286885129
0.7323858438649771
0.727380266180304
0.7260224082406348
0.7311685034312081
0.7344290831089355
0.7285789665367597
0.7273630599550918
0.7426378863872949
0.7305863594781925
0.7467688142903436
0.747280699490409
0.742702409731841
0.7455801508985951
0.749239341460407
0.741423413657728
0.725367137830467
0.7478513726266163
0.7457507792986169
0.7403107444273338
0.7509284192354128
0.7494587208318636
0.7536900183819839
0.7482671897359131
0.7546377946207604
0.7543166117501312
0.7536570397836604
0.7497082110974417
0.7414377521787383
0.7509083453059984
0.74710003412568
0.7496479893091987
0.7472534563004896
0.7524655086877099
0.7475961469526341
0.7509011760454932
