0.566182311426941
0.5704505306686626
0.5787372996550151
0.5821439530155342
0.5865430112614743
0.590288591412373
0.5939079925783814
0.5961973166891782
0.5986879177886559
0.6032507936371378
0.6018911433823425
0.604674250310429
0.6081006191373373
0.6095215665694516
0.6130732182236868
0.6141566727175225
0.6168116291140802
0.6182662720705684
0.6184275804319337
0.6158353550647958
0.6173640206359995
0.6187129170000373
0.6198650171632096
0.6239258655448209
0.6245463650415387
0.6287425332151839
0.6320405722790506
0.6334324842061192
0.6354750065240271
0.6388809429584956
0.6403121065868298
0.6417975773634901
0.6418287636466875
0.6454969157841307
0.6451857698782086
0.6471012170536633
0.650701261216308
0.6517759333660251
0.6528977434035634
0.6516717998571884
0.6531207074052726
0.654229433542389
0.6542828445331521
0.6568245266137288
0.6569668364347555
0.6551634089546932
