0.5997745984497191
0.6135625202531609
0.6152616349928738
0.61912299870093
0.6200205901161707
0.6364439320812937
0.6427026965022612
0.6404486809994523
0.6400500701153677
0.6549965444164365
0.6537720347221625
0.6601856551700406
0.6752425360828881
0.6744109018642945
0.6742675166541922
0.6764756488897683
0.6867248237078841
0.7076676674954332
0.7098313503158776
0.7030807746242591
0.6998144595381276
0.7007507649600959
0.700329212442395
0.7122029416909704
0.7032886831789075
0.7183240563102398
0.7306279411891222
0.7247061320118953
0.7414434875871424
0.7443728474295334
0.7476061839173413
0.7454640088784122
0.7389901666422912
0.7442753454866637
0.745512759849847
0.7478011878030805
0.7441893143606023
0.7463271878432284
0.746060491352438
0.7429174875469945
0.7471473512450137
0.7457407423339097
0.7449420867136397
0.7461737656684189
0.745997401859993
0.7421876568275736
